(kicad_pcb (version 20171130) (host pcbnew "(5.1.0)-1")

  (general
    (thickness 1.6)
    (drawings 0)
    (tracks 0)
    (zones 0)
    (modules 76)
    (nets 120)
  )

  (page A4)
  (layers
    (0 F.Cu signal)
    (31 B.Cu signal)
    (32 B.Adhes user)
    (33 F.Adhes user)
    (34 B.Paste user)
    (35 F.Paste user)
    (36 B.SilkS user)
    (37 F.SilkS user)
    (38 B.Mask user)
    (39 F.Mask user)
    (40 Dwgs.User user)
    (41 Cmts.User user)
    (42 Eco1.User user)
    (43 Eco2.User user)
    (44 Edge.Cuts user)
    (45 Margin user)
    (46 B.CrtYd user)
    (47 F.CrtYd user)
    (48 B.Fab user)
    (49 F.Fab user)
  )

  (setup
    (last_trace_width 0.25)
    (trace_clearance 0.2)
    (zone_clearance 0.508)
    (zone_45_only no)
    (trace_min 0.2)
    (via_size 0.8)
    (via_drill 0.4)
    (via_min_size 0.4)
    (via_min_drill 0.3)
    (uvia_size 0.3)
    (uvia_drill 0.1)
    (uvias_allowed no)
    (uvia_min_size 0.2)
    (uvia_min_drill 0.1)
    (edge_width 0.05)
    (segment_width 0.2)
    (pcb_text_width 0.3)
    (pcb_text_size 1.5 1.5)
    (mod_edge_width 0.12)
    (mod_text_size 1 1)
    (mod_text_width 0.15)
    (pad_size 1.524 1.524)
    (pad_drill 0.762)
    (pad_to_mask_clearance 0.051)
    (solder_mask_min_width 0.25)
    (aux_axis_origin 0 0)
    (visible_elements 7FFFFFFF)
    (pcbplotparams
      (layerselection 0x010fc_ffffffff)
      (usegerberextensions false)
      (usegerberattributes false)
      (usegerberadvancedattributes false)
      (creategerberjobfile false)
      (excludeedgelayer true)
      (linewidth 0.100000)
      (plotframeref false)
      (viasonmask false)
      (mode 1)
      (useauxorigin false)
      (hpglpennumber 1)
      (hpglpenspeed 20)
      (hpglpendiameter 15.000000)
      (psnegative false)
      (psa4output false)
      (plotreference true)
      (plotvalue true)
      (plotinvisibletext false)
      (padsonsilk false)
      (subtractmaskfromsilk false)
      (outputformat 1)
      (mirror false)
      (drillshape 1)
      (scaleselection 1)
      (outputdirectory ""))
  )

  (net 0 "")
  (net 1 "VOUT(1.1V)")
  (net 2 VBUS)
  (net 3 "Net-(C3-Pad1)")
  (net 4 "VOUT(3.3V)")
  (net 5 "Net-(C6-Pad1)")
  (net 6 "Net-(L1-Pad1)")
  (net 7 "Net-(R1-Pad2)")
  (net 8 "Net-(R2-Pad1)")
  (net 9 "Net-(R3-Pad2)")
  (net 10 USB2_P0)
  (net 11 CSBU2)
  (net 12 CSBU1)
  (net 13 USB2_N0)
  (net 14 CC1)
  (net 15 CC2)
  (net 16 CTX1P)
  (net 17 CRX1N)
  (net 18 CRX1P)
  (net 19 CTX1N)
  (net 20 CTX2P)
  (net 21 CTX2N)
  (net 22 CRX2P)
  (net 23 CRX2N)
  (net 24 "Net-(C8-Pad2)")
  (net 25 "Net-(C9-Pad2)")
  (net 26 "Net-(C9-Pad1)")
  (net 27 "Net-(R5-Pad1)")
  (net 28 "Net-(R6-Pad2)")
  (net 29 "Net-(R7-Pad2)")
  (net 30 "Net-(R8-Pad2)")
  (net 31 "Net-(U6-Pad4)")
  (net 32 "Net-(U6-Pad3)")
  (net 33 "Net-(USB1-Pad25)")
  (net 34 "Net-(USB1-Pad26)")
  (net 35 "Net-(USB1-Pad27)")
  (net 36 USB3_RX0N)
  (net 37 "Net-(C11-Pad1)")
  (net 38 "Net-(C12-Pad1)")
  (net 39 "Net-(C13-Pad1)")
  (net 40 "Net-(C15-Pad2)")
  (net 41 "Net-(C16-Pad1)")
  (net 42 "Net-(C17-Pad1)")
  (net 43 "Net-(C18-Pad1)")
  (net 44 "Net-(C19-Pad2)")
  (net 45 "Net-(C27-Pad2)")
  (net 46 Tx1+)
  (net 47 "Net-(C32-Pad2)")
  (net 48 "Net-(C33-Pad1)")
  (net 49 Tx1-)
  (net 50 Tx2+)
  (net 51 "Net-(C34-Pad2)")
  (net 52 Tx2-)
  (net 53 "Net-(C35-Pad1)")
  (net 54 "Net-(C36-Pad2)")
  (net 55 Tx3+)
  (net 56 "Net-(C37-Pad1)")
  (net 57 Tx3-)
  (net 58 "Net-(C38-Pad1)")
  (net 59 "Net-(C39-Pad2)")
  (net 60 "Net-(C40-Pad2)")
  (net 61 Tx4+)
  (net 62 "Net-(C41-Pad1)")
  (net 63 Tx4-)
  (net 64 "Net-(C42-Pad1)")
  (net 65 "Net-(MUX1-Pad26)")
  (net 66 "Net-(MUX1-Pad5)")
  (net 67 USB3_TX0P)
  (net 68 USB3_TX0N)
  (net 69 "Net-(MUX1-Pad4)")
  (net 70 "Net-(MUX1-Pad3)")
  (net 71 "Net-(MUX1-Pad29)")
  (net 72 "Net-(MUX1-Pad24)")
  (net 73 "Net-(MUX1-Pad25)")
  (net 74 "Net-(MUX1-Pad23)")
  (net 75 "Net-(MUX1-Pad22)")
  (net 76 "Net-(MUX1-Pad27)")
  (net 77 "Net-(MUX1-Pad11)")
  (net 78 "Net-(MUX1-Pad12)")
  (net 79 "Net-(R19-Pad2)")
  (net 80 "Net-(R20-Pad2)")
  (net 81 D1+)
  (net 82 D1-)
  (net 83 Rx1+)
  (net 84 Rx1-)
  (net 85 D2+)
  (net 86 D2-)
  (net 87 Rx2+)
  (net 88 Rx2-)
  (net 89 D3+)
  (net 90 D3-)
  (net 91 Rx3+)
  (net 92 Rx3-)
  (net 93 D4+)
  (net 94 D4-)
  (net 95 Rx4+)
  (net 96 Rx4-)
  (net 97 "Net-(U7-Pad32)")
  (net 98 "Net-(U7-Pad33)")
  (net 99 "Net-(U7-Pad35)")
  (net 100 "Net-(U7-Pad36)")
  (net 101 "Net-(U7-Pad37)")
  (net 102 "Net-(U7-Pad38)")
  (net 103 "Net-(U7-Pad39)")
  (net 104 "Net-(U7-Pad41)")
  (net 105 "Net-(U7-Pad43)")
  (net 106 "Net-(U7-Pad44)")
  (net 107 "Net-(U7-Pad45)")
  (net 108 "Net-(U7-Pad46)")
  (net 109 "Net-(U7-Pad47)")
  (net 110 "Net-(U7-Pad48)")
  (net 111 "Net-(U7-Pad49)")
  (net 112 "Net-(U7-Pad53)")
  (net 113 "Net-(U7-Pad54)")
  (net 114 "Net-(U7-Pad55)")
  (net 115 "Net-(U7-Pad56)")
  (net 116 "Net-(U7-Pad58)")
  (net 117 "Net-(U7-Pad59)")
  (net 118 "Net-(U7-Pad60)")
  (net 119 "Net-(U7-Pad64)")

  (net_class Default "This is the default net class."
    (clearance 0.2)
    (trace_width 0.25)
    (via_dia 0.8)
    (via_drill 0.4)
    (uvia_dia 0.3)
    (uvia_drill 0.1)
    (add_net CC1)
    (add_net CC2)
    (add_net CRX1N)
    (add_net CRX1P)
    (add_net CRX2N)
    (add_net CRX2P)
    (add_net CSBU1)
    (add_net CSBU2)
    (add_net CTX1N)
    (add_net CTX1P)
    (add_net CTX2N)
    (add_net CTX2P)
    (add_net D1+)
    (add_net D1-)
    (add_net D2+)
    (add_net D2-)
    (add_net D3+)
    (add_net D3-)
    (add_net D4+)
    (add_net D4-)
    (add_net "Net-(C11-Pad1)")
    (add_net "Net-(C12-Pad1)")
    (add_net "Net-(C13-Pad1)")
    (add_net "Net-(C15-Pad2)")
    (add_net "Net-(C16-Pad1)")
    (add_net "Net-(C17-Pad1)")
    (add_net "Net-(C18-Pad1)")
    (add_net "Net-(C19-Pad2)")
    (add_net "Net-(C27-Pad2)")
    (add_net "Net-(C3-Pad1)")
    (add_net "Net-(C32-Pad2)")
    (add_net "Net-(C33-Pad1)")
    (add_net "Net-(C34-Pad2)")
    (add_net "Net-(C35-Pad1)")
    (add_net "Net-(C36-Pad2)")
    (add_net "Net-(C37-Pad1)")
    (add_net "Net-(C38-Pad1)")
    (add_net "Net-(C39-Pad2)")
    (add_net "Net-(C40-Pad2)")
    (add_net "Net-(C41-Pad1)")
    (add_net "Net-(C42-Pad1)")
    (add_net "Net-(C6-Pad1)")
    (add_net "Net-(C8-Pad2)")
    (add_net "Net-(C9-Pad1)")
    (add_net "Net-(C9-Pad2)")
    (add_net "Net-(L1-Pad1)")
    (add_net "Net-(MUX1-Pad11)")
    (add_net "Net-(MUX1-Pad12)")
    (add_net "Net-(MUX1-Pad22)")
    (add_net "Net-(MUX1-Pad23)")
    (add_net "Net-(MUX1-Pad24)")
    (add_net "Net-(MUX1-Pad25)")
    (add_net "Net-(MUX1-Pad26)")
    (add_net "Net-(MUX1-Pad27)")
    (add_net "Net-(MUX1-Pad29)")
    (add_net "Net-(MUX1-Pad3)")
    (add_net "Net-(MUX1-Pad4)")
    (add_net "Net-(MUX1-Pad5)")
    (add_net "Net-(R1-Pad2)")
    (add_net "Net-(R19-Pad2)")
    (add_net "Net-(R2-Pad1)")
    (add_net "Net-(R20-Pad2)")
    (add_net "Net-(R3-Pad2)")
    (add_net "Net-(R5-Pad1)")
    (add_net "Net-(R6-Pad2)")
    (add_net "Net-(R7-Pad2)")
    (add_net "Net-(R8-Pad2)")
    (add_net "Net-(U6-Pad3)")
    (add_net "Net-(U6-Pad4)")
    (add_net "Net-(U7-Pad32)")
    (add_net "Net-(U7-Pad33)")
    (add_net "Net-(U7-Pad35)")
    (add_net "Net-(U7-Pad36)")
    (add_net "Net-(U7-Pad37)")
    (add_net "Net-(U7-Pad38)")
    (add_net "Net-(U7-Pad39)")
    (add_net "Net-(U7-Pad41)")
    (add_net "Net-(U7-Pad43)")
    (add_net "Net-(U7-Pad44)")
    (add_net "Net-(U7-Pad45)")
    (add_net "Net-(U7-Pad46)")
    (add_net "Net-(U7-Pad47)")
    (add_net "Net-(U7-Pad48)")
    (add_net "Net-(U7-Pad49)")
    (add_net "Net-(U7-Pad53)")
    (add_net "Net-(U7-Pad54)")
    (add_net "Net-(U7-Pad55)")
    (add_net "Net-(U7-Pad56)")
    (add_net "Net-(U7-Pad58)")
    (add_net "Net-(U7-Pad59)")
    (add_net "Net-(U7-Pad60)")
    (add_net "Net-(U7-Pad64)")
    (add_net "Net-(USB1-Pad25)")
    (add_net "Net-(USB1-Pad26)")
    (add_net "Net-(USB1-Pad27)")
    (add_net Rx1+)
    (add_net Rx1-)
    (add_net Rx2+)
    (add_net Rx2-)
    (add_net Rx3+)
    (add_net Rx3-)
    (add_net Rx4+)
    (add_net Rx4-)
    (add_net Tx1+)
    (add_net Tx1-)
    (add_net Tx2+)
    (add_net Tx2-)
    (add_net Tx3+)
    (add_net Tx3-)
    (add_net Tx4+)
    (add_net Tx4-)
    (add_net USB2_N0)
    (add_net USB2_P0)
    (add_net USB3_RX0N)
    (add_net USB3_TX0N)
    (add_net USB3_TX0P)
    (add_net VBUS)
    (add_net "VOUT(1.1V)")
    (add_net "VOUT(3.3V)")
  )

  (module Capacitor_SMD:C_0805_2012Metric (layer F.Cu) (tedit 5B36C52B) (tstamp 5CC0496C)
    (at 109.365001 99.405001)
    (descr "Capacitor SMD 0805 (2012 Metric), square (rectangular) end terminal, IPC_7351 nominal, (Body size source: https://docs.google.com/spreadsheets/d/1BsfQQcO9C6DZCsRaXUlFlo91Tg2WpOkGARC1WS5S8t0/edit?usp=sharing), generated with kicad-footprint-generator")
    (tags capacitor)
    (path /5CBDE478)
    (attr smd)
    (fp_text reference C1 (at 0 -1.65) (layer F.SilkS)
      (effects (font (size 1 1) (thickness 0.15)))
    )
    (fp_text value 10uf/10v (at 0 1.65) (layer F.Fab)
      (effects (font (size 1 1) (thickness 0.15)))
    )
    (fp_line (start -1 0.6) (end -1 -0.6) (layer F.Fab) (width 0.1))
    (fp_line (start -1 -0.6) (end 1 -0.6) (layer F.Fab) (width 0.1))
    (fp_line (start 1 -0.6) (end 1 0.6) (layer F.Fab) (width 0.1))
    (fp_line (start 1 0.6) (end -1 0.6) (layer F.Fab) (width 0.1))
    (fp_line (start -0.258578 -0.71) (end 0.258578 -0.71) (layer F.SilkS) (width 0.12))
    (fp_line (start -0.258578 0.71) (end 0.258578 0.71) (layer F.SilkS) (width 0.12))
    (fp_line (start -1.68 0.95) (end -1.68 -0.95) (layer F.CrtYd) (width 0.05))
    (fp_line (start -1.68 -0.95) (end 1.68 -0.95) (layer F.CrtYd) (width 0.05))
    (fp_line (start 1.68 -0.95) (end 1.68 0.95) (layer F.CrtYd) (width 0.05))
    (fp_line (start 1.68 0.95) (end -1.68 0.95) (layer F.CrtYd) (width 0.05))
    (fp_text user %R (at 0 0) (layer F.Fab)
      (effects (font (size 0.5 0.5) (thickness 0.08)))
    )
    (pad 1 smd roundrect (at -0.9375 0) (size 0.975 1.4) (layers F.Cu F.Paste F.Mask) (roundrect_rratio 0.25)
      (net 1 "VOUT(1.1V)"))
    (pad 2 smd roundrect (at 0.9375 0) (size 0.975 1.4) (layers F.Cu F.Paste F.Mask) (roundrect_rratio 0.25)
      (net 36 USB3_RX0N))
    (model ${KISYS3DMOD}/Capacitor_SMD.3dshapes/C_0805_2012Metric.wrl
      (at (xyz 0 0 0))
      (scale (xyz 1 1 1))
      (rotate (xyz 0 0 0))
    )
  )

  (module Capacitor_SMD:C_0805_2012Metric (layer F.Cu) (tedit 5B36C52B) (tstamp 5CC0497D)
    (at 113.505001 88.605001)
    (descr "Capacitor SMD 0805 (2012 Metric), square (rectangular) end terminal, IPC_7351 nominal, (Body size source: https://docs.google.com/spreadsheets/d/1BsfQQcO9C6DZCsRaXUlFlo91Tg2WpOkGARC1WS5S8t0/edit?usp=sharing), generated with kicad-footprint-generator")
    (tags capacitor)
    (path /5CBDDC35)
    (attr smd)
    (fp_text reference C2 (at 0 -1.65) (layer F.SilkS)
      (effects (font (size 1 1) (thickness 0.15)))
    )
    (fp_text value 10uf/10v (at 0 1.65) (layer F.Fab)
      (effects (font (size 1 1) (thickness 0.15)))
    )
    (fp_text user %R (at 0 0) (layer F.Fab)
      (effects (font (size 0.5 0.5) (thickness 0.08)))
    )
    (fp_line (start 1.68 0.95) (end -1.68 0.95) (layer F.CrtYd) (width 0.05))
    (fp_line (start 1.68 -0.95) (end 1.68 0.95) (layer F.CrtYd) (width 0.05))
    (fp_line (start -1.68 -0.95) (end 1.68 -0.95) (layer F.CrtYd) (width 0.05))
    (fp_line (start -1.68 0.95) (end -1.68 -0.95) (layer F.CrtYd) (width 0.05))
    (fp_line (start -0.258578 0.71) (end 0.258578 0.71) (layer F.SilkS) (width 0.12))
    (fp_line (start -0.258578 -0.71) (end 0.258578 -0.71) (layer F.SilkS) (width 0.12))
    (fp_line (start 1 0.6) (end -1 0.6) (layer F.Fab) (width 0.1))
    (fp_line (start 1 -0.6) (end 1 0.6) (layer F.Fab) (width 0.1))
    (fp_line (start -1 -0.6) (end 1 -0.6) (layer F.Fab) (width 0.1))
    (fp_line (start -1 0.6) (end -1 -0.6) (layer F.Fab) (width 0.1))
    (pad 2 smd roundrect (at 0.9375 0) (size 0.975 1.4) (layers F.Cu F.Paste F.Mask) (roundrect_rratio 0.25)
      (net 36 USB3_RX0N))
    (pad 1 smd roundrect (at -0.9375 0) (size 0.975 1.4) (layers F.Cu F.Paste F.Mask) (roundrect_rratio 0.25)
      (net 2 VBUS))
    (model ${KISYS3DMOD}/Capacitor_SMD.3dshapes/C_0805_2012Metric.wrl
      (at (xyz 0 0 0))
      (scale (xyz 1 1 1))
      (rotate (xyz 0 0 0))
    )
  )

  (module Capacitor_SMD:C_0402_1005Metric (layer F.Cu) (tedit 5B301BBE) (tstamp 5CC0498C)
    (at 121.285001 100.065001)
    (descr "Capacitor SMD 0402 (1005 Metric), square (rectangular) end terminal, IPC_7351 nominal, (Body size source: http://www.tortai-tech.com/upload/download/2011102023233369053.pdf), generated with kicad-footprint-generator")
    (tags capacitor)
    (path /5CBDE9F7)
    (attr smd)
    (fp_text reference C3 (at 0 -1.17) (layer F.SilkS)
      (effects (font (size 1 1) (thickness 0.15)))
    )
    (fp_text value 1uf/10v (at 0 1.17) (layer F.Fab)
      (effects (font (size 1 1) (thickness 0.15)))
    )
    (fp_text user %R (at 0 0) (layer F.Fab)
      (effects (font (size 0.25 0.25) (thickness 0.04)))
    )
    (fp_line (start 0.93 0.47) (end -0.93 0.47) (layer F.CrtYd) (width 0.05))
    (fp_line (start 0.93 -0.47) (end 0.93 0.47) (layer F.CrtYd) (width 0.05))
    (fp_line (start -0.93 -0.47) (end 0.93 -0.47) (layer F.CrtYd) (width 0.05))
    (fp_line (start -0.93 0.47) (end -0.93 -0.47) (layer F.CrtYd) (width 0.05))
    (fp_line (start 0.5 0.25) (end -0.5 0.25) (layer F.Fab) (width 0.1))
    (fp_line (start 0.5 -0.25) (end 0.5 0.25) (layer F.Fab) (width 0.1))
    (fp_line (start -0.5 -0.25) (end 0.5 -0.25) (layer F.Fab) (width 0.1))
    (fp_line (start -0.5 0.25) (end -0.5 -0.25) (layer F.Fab) (width 0.1))
    (pad 2 smd roundrect (at 0.485 0) (size 0.59 0.64) (layers F.Cu F.Paste F.Mask) (roundrect_rratio 0.25)
      (net 36 USB3_RX0N))
    (pad 1 smd roundrect (at -0.485 0) (size 0.59 0.64) (layers F.Cu F.Paste F.Mask) (roundrect_rratio 0.25)
      (net 3 "Net-(C3-Pad1)"))
    (model ${KISYS3DMOD}/Capacitor_SMD.3dshapes/C_0402_1005Metric.wrl
      (at (xyz 0 0 0))
      (scale (xyz 1 1 1))
      (rotate (xyz 0 0 0))
    )
  )

  (module Capacitor_SMD:C_0805_2012Metric (layer F.Cu) (tedit 5B36C52B) (tstamp 5CC0499D)
    (at 104.955001 101.625001)
    (descr "Capacitor SMD 0805 (2012 Metric), square (rectangular) end terminal, IPC_7351 nominal, (Body size source: https://docs.google.com/spreadsheets/d/1BsfQQcO9C6DZCsRaXUlFlo91Tg2WpOkGARC1WS5S8t0/edit?usp=sharing), generated with kicad-footprint-generator")
    (tags capacitor)
    (path /5CBCFFDF)
    (attr smd)
    (fp_text reference C4 (at 0 -1.65) (layer F.SilkS)
      (effects (font (size 1 1) (thickness 0.15)))
    )
    (fp_text value "10 uF/10V" (at 0 1.65) (layer F.Fab)
      (effects (font (size 1 1) (thickness 0.15)))
    )
    (fp_text user %R (at 0 0) (layer F.Fab)
      (effects (font (size 0.5 0.5) (thickness 0.08)))
    )
    (fp_line (start 1.68 0.95) (end -1.68 0.95) (layer F.CrtYd) (width 0.05))
    (fp_line (start 1.68 -0.95) (end 1.68 0.95) (layer F.CrtYd) (width 0.05))
    (fp_line (start -1.68 -0.95) (end 1.68 -0.95) (layer F.CrtYd) (width 0.05))
    (fp_line (start -1.68 0.95) (end -1.68 -0.95) (layer F.CrtYd) (width 0.05))
    (fp_line (start -0.258578 0.71) (end 0.258578 0.71) (layer F.SilkS) (width 0.12))
    (fp_line (start -0.258578 -0.71) (end 0.258578 -0.71) (layer F.SilkS) (width 0.12))
    (fp_line (start 1 0.6) (end -1 0.6) (layer F.Fab) (width 0.1))
    (fp_line (start 1 -0.6) (end 1 0.6) (layer F.Fab) (width 0.1))
    (fp_line (start -1 -0.6) (end 1 -0.6) (layer F.Fab) (width 0.1))
    (fp_line (start -1 0.6) (end -1 -0.6) (layer F.Fab) (width 0.1))
    (pad 2 smd roundrect (at 0.9375 0) (size 0.975 1.4) (layers F.Cu F.Paste F.Mask) (roundrect_rratio 0.25)
      (net 36 USB3_RX0N))
    (pad 1 smd roundrect (at -0.9375 0) (size 0.975 1.4) (layers F.Cu F.Paste F.Mask) (roundrect_rratio 0.25)
      (net 2 VBUS))
    (model ${KISYS3DMOD}/Capacitor_SMD.3dshapes/C_0805_2012Metric.wrl
      (at (xyz 0 0 0))
      (scale (xyz 1 1 1))
      (rotate (xyz 0 0 0))
    )
  )

  (module Capacitor_SMD:C_0805_2012Metric (layer F.Cu) (tedit 5B36C52B) (tstamp 5CC049AE)
    (at 117.915001 88.605001)
    (descr "Capacitor SMD 0805 (2012 Metric), square (rectangular) end terminal, IPC_7351 nominal, (Body size source: https://docs.google.com/spreadsheets/d/1BsfQQcO9C6DZCsRaXUlFlo91Tg2WpOkGARC1WS5S8t0/edit?usp=sharing), generated with kicad-footprint-generator")
    (tags capacitor)
    (path /5CBD5996)
    (attr smd)
    (fp_text reference C5 (at 0 -1.65) (layer F.SilkS)
      (effects (font (size 1 1) (thickness 0.15)))
    )
    (fp_text value 22uf/6.3v (at 0 1.65) (layer F.Fab)
      (effects (font (size 1 1) (thickness 0.15)))
    )
    (fp_text user %R (at 0 0) (layer F.Fab)
      (effects (font (size 0.5 0.5) (thickness 0.08)))
    )
    (fp_line (start 1.68 0.95) (end -1.68 0.95) (layer F.CrtYd) (width 0.05))
    (fp_line (start 1.68 -0.95) (end 1.68 0.95) (layer F.CrtYd) (width 0.05))
    (fp_line (start -1.68 -0.95) (end 1.68 -0.95) (layer F.CrtYd) (width 0.05))
    (fp_line (start -1.68 0.95) (end -1.68 -0.95) (layer F.CrtYd) (width 0.05))
    (fp_line (start -0.258578 0.71) (end 0.258578 0.71) (layer F.SilkS) (width 0.12))
    (fp_line (start -0.258578 -0.71) (end 0.258578 -0.71) (layer F.SilkS) (width 0.12))
    (fp_line (start 1 0.6) (end -1 0.6) (layer F.Fab) (width 0.1))
    (fp_line (start 1 -0.6) (end 1 0.6) (layer F.Fab) (width 0.1))
    (fp_line (start -1 -0.6) (end 1 -0.6) (layer F.Fab) (width 0.1))
    (fp_line (start -1 0.6) (end -1 -0.6) (layer F.Fab) (width 0.1))
    (pad 2 smd roundrect (at 0.9375 0) (size 0.975 1.4) (layers F.Cu F.Paste F.Mask) (roundrect_rratio 0.25)
      (net 36 USB3_RX0N))
    (pad 1 smd roundrect (at -0.9375 0) (size 0.975 1.4) (layers F.Cu F.Paste F.Mask) (roundrect_rratio 0.25)
      (net 4 "VOUT(3.3V)"))
    (model ${KISYS3DMOD}/Capacitor_SMD.3dshapes/C_0805_2012Metric.wrl
      (at (xyz 0 0 0))
      (scale (xyz 1 1 1))
      (rotate (xyz 0 0 0))
    )
  )

  (module Capacitor_SMD:C_0402_1005Metric (layer F.Cu) (tedit 5B301BBE) (tstamp 5CC049BD)
    (at 121.285001 98.075001)
    (descr "Capacitor SMD 0402 (1005 Metric), square (rectangular) end terminal, IPC_7351 nominal, (Body size source: http://www.tortai-tech.com/upload/download/2011102023233369053.pdf), generated with kicad-footprint-generator")
    (tags capacitor)
    (path /5CBE39E5)
    (attr smd)
    (fp_text reference C6 (at 0 -1.17) (layer F.SilkS)
      (effects (font (size 1 1) (thickness 0.15)))
    )
    (fp_text value 560pf/10v (at 0 1.17) (layer F.Fab)
      (effects (font (size 1 1) (thickness 0.15)))
    )
    (fp_line (start -0.5 0.25) (end -0.5 -0.25) (layer F.Fab) (width 0.1))
    (fp_line (start -0.5 -0.25) (end 0.5 -0.25) (layer F.Fab) (width 0.1))
    (fp_line (start 0.5 -0.25) (end 0.5 0.25) (layer F.Fab) (width 0.1))
    (fp_line (start 0.5 0.25) (end -0.5 0.25) (layer F.Fab) (width 0.1))
    (fp_line (start -0.93 0.47) (end -0.93 -0.47) (layer F.CrtYd) (width 0.05))
    (fp_line (start -0.93 -0.47) (end 0.93 -0.47) (layer F.CrtYd) (width 0.05))
    (fp_line (start 0.93 -0.47) (end 0.93 0.47) (layer F.CrtYd) (width 0.05))
    (fp_line (start 0.93 0.47) (end -0.93 0.47) (layer F.CrtYd) (width 0.05))
    (fp_text user %R (at 0 0) (layer F.Fab)
      (effects (font (size 0.25 0.25) (thickness 0.04)))
    )
    (pad 1 smd roundrect (at -0.485 0) (size 0.59 0.64) (layers F.Cu F.Paste F.Mask) (roundrect_rratio 0.25)
      (net 5 "Net-(C6-Pad1)"))
    (pad 2 smd roundrect (at 0.485 0) (size 0.59 0.64) (layers F.Cu F.Paste F.Mask) (roundrect_rratio 0.25)
      (net 36 USB3_RX0N))
    (model ${KISYS3DMOD}/Capacitor_SMD.3dshapes/C_0402_1005Metric.wrl
      (at (xyz 0 0 0))
      (scale (xyz 1 1 1))
      (rotate (xyz 0 0 0))
    )
  )

  (module Capacitor_SMD:C_0805_2012Metric (layer F.Cu) (tedit 5B36C52B) (tstamp 5CC049CE)
    (at 113.505001 91.555001)
    (descr "Capacitor SMD 0805 (2012 Metric), square (rectangular) end terminal, IPC_7351 nominal, (Body size source: https://docs.google.com/spreadsheets/d/1BsfQQcO9C6DZCsRaXUlFlo91Tg2WpOkGARC1WS5S8t0/edit?usp=sharing), generated with kicad-footprint-generator")
    (tags capacitor)
    (path /5CBD9093)
    (attr smd)
    (fp_text reference C7 (at 0 -1.65) (layer F.SilkS)
      (effects (font (size 1 1) (thickness 0.15)))
    )
    (fp_text value 10uf/10v (at 0 1.65) (layer F.Fab)
      (effects (font (size 1 1) (thickness 0.15)))
    )
    (fp_line (start -1 0.6) (end -1 -0.6) (layer F.Fab) (width 0.1))
    (fp_line (start -1 -0.6) (end 1 -0.6) (layer F.Fab) (width 0.1))
    (fp_line (start 1 -0.6) (end 1 0.6) (layer F.Fab) (width 0.1))
    (fp_line (start 1 0.6) (end -1 0.6) (layer F.Fab) (width 0.1))
    (fp_line (start -0.258578 -0.71) (end 0.258578 -0.71) (layer F.SilkS) (width 0.12))
    (fp_line (start -0.258578 0.71) (end 0.258578 0.71) (layer F.SilkS) (width 0.12))
    (fp_line (start -1.68 0.95) (end -1.68 -0.95) (layer F.CrtYd) (width 0.05))
    (fp_line (start -1.68 -0.95) (end 1.68 -0.95) (layer F.CrtYd) (width 0.05))
    (fp_line (start 1.68 -0.95) (end 1.68 0.95) (layer F.CrtYd) (width 0.05))
    (fp_line (start 1.68 0.95) (end -1.68 0.95) (layer F.CrtYd) (width 0.05))
    (fp_text user %R (at 0 0) (layer F.Fab)
      (effects (font (size 0.5 0.5) (thickness 0.08)))
    )
    (pad 1 smd roundrect (at -0.9375 0) (size 0.975 1.4) (layers F.Cu F.Paste F.Mask) (roundrect_rratio 0.25)
      (net 4 "VOUT(3.3V)"))
    (pad 2 smd roundrect (at 0.9375 0) (size 0.975 1.4) (layers F.Cu F.Paste F.Mask) (roundrect_rratio 0.25)
      (net 36 USB3_RX0N))
    (model ${KISYS3DMOD}/Capacitor_SMD.3dshapes/C_0805_2012Metric.wrl
      (at (xyz 0 0 0))
      (scale (xyz 1 1 1))
      (rotate (xyz 0 0 0))
    )
  )

  (module Capacitor_SMD:C_0402_1005Metric (layer F.Cu) (tedit 5B301BBE) (tstamp 5CC049DD)
    (at 103.425001 104.095001)
    (descr "Capacitor SMD 0402 (1005 Metric), square (rectangular) end terminal, IPC_7351 nominal, (Body size source: http://www.tortai-tech.com/upload/download/2011102023233369053.pdf), generated with kicad-footprint-generator")
    (tags capacitor)
    (path /5CC40FCE)
    (attr smd)
    (fp_text reference C8 (at 0 -1.17) (layer F.SilkS)
      (effects (font (size 1 1) (thickness 0.15)))
    )
    (fp_text value 0.1uF/10v (at 0 1.17) (layer F.Fab)
      (effects (font (size 1 1) (thickness 0.15)))
    )
    (fp_line (start -0.5 0.25) (end -0.5 -0.25) (layer F.Fab) (width 0.1))
    (fp_line (start -0.5 -0.25) (end 0.5 -0.25) (layer F.Fab) (width 0.1))
    (fp_line (start 0.5 -0.25) (end 0.5 0.25) (layer F.Fab) (width 0.1))
    (fp_line (start 0.5 0.25) (end -0.5 0.25) (layer F.Fab) (width 0.1))
    (fp_line (start -0.93 0.47) (end -0.93 -0.47) (layer F.CrtYd) (width 0.05))
    (fp_line (start -0.93 -0.47) (end 0.93 -0.47) (layer F.CrtYd) (width 0.05))
    (fp_line (start 0.93 -0.47) (end 0.93 0.47) (layer F.CrtYd) (width 0.05))
    (fp_line (start 0.93 0.47) (end -0.93 0.47) (layer F.CrtYd) (width 0.05))
    (fp_text user %R (at 0 0) (layer F.Fab)
      (effects (font (size 0.25 0.25) (thickness 0.04)))
    )
    (pad 1 smd roundrect (at -0.485 0) (size 0.59 0.64) (layers F.Cu F.Paste F.Mask) (roundrect_rratio 0.25)
      (net 36 USB3_RX0N))
    (pad 2 smd roundrect (at 0.485 0) (size 0.59 0.64) (layers F.Cu F.Paste F.Mask) (roundrect_rratio 0.25)
      (net 24 "Net-(C8-Pad2)"))
    (model ${KISYS3DMOD}/Capacitor_SMD.3dshapes/C_0402_1005Metric.wrl
      (at (xyz 0 0 0))
      (scale (xyz 1 1 1))
      (rotate (xyz 0 0 0))
    )
  )

  (module Capacitor_SMD:C_0402_1005Metric (layer F.Cu) (tedit 5B301BBE) (tstamp 5CC049EC)
    (at 99.015001 104.275001)
    (descr "Capacitor SMD 0402 (1005 Metric), square (rectangular) end terminal, IPC_7351 nominal, (Body size source: http://www.tortai-tech.com/upload/download/2011102023233369053.pdf), generated with kicad-footprint-generator")
    (tags capacitor)
    (path /5CC42EE3)
    (attr smd)
    (fp_text reference C9 (at 0 -1.17) (layer F.SilkS)
      (effects (font (size 1 1) (thickness 0.15)))
    )
    (fp_text value 0.1uF/10v (at 0 1.17) (layer F.Fab)
      (effects (font (size 1 1) (thickness 0.15)))
    )
    (fp_text user %R (at 0 0) (layer F.Fab)
      (effects (font (size 0.25 0.25) (thickness 0.04)))
    )
    (fp_line (start 0.93 0.47) (end -0.93 0.47) (layer F.CrtYd) (width 0.05))
    (fp_line (start 0.93 -0.47) (end 0.93 0.47) (layer F.CrtYd) (width 0.05))
    (fp_line (start -0.93 -0.47) (end 0.93 -0.47) (layer F.CrtYd) (width 0.05))
    (fp_line (start -0.93 0.47) (end -0.93 -0.47) (layer F.CrtYd) (width 0.05))
    (fp_line (start 0.5 0.25) (end -0.5 0.25) (layer F.Fab) (width 0.1))
    (fp_line (start 0.5 -0.25) (end 0.5 0.25) (layer F.Fab) (width 0.1))
    (fp_line (start -0.5 -0.25) (end 0.5 -0.25) (layer F.Fab) (width 0.1))
    (fp_line (start -0.5 0.25) (end -0.5 -0.25) (layer F.Fab) (width 0.1))
    (pad 2 smd roundrect (at 0.485 0) (size 0.59 0.64) (layers F.Cu F.Paste F.Mask) (roundrect_rratio 0.25)
      (net 25 "Net-(C9-Pad2)"))
    (pad 1 smd roundrect (at -0.485 0) (size 0.59 0.64) (layers F.Cu F.Paste F.Mask) (roundrect_rratio 0.25)
      (net 26 "Net-(C9-Pad1)"))
    (model ${KISYS3DMOD}/Capacitor_SMD.3dshapes/C_0402_1005Metric.wrl
      (at (xyz 0 0 0))
      (scale (xyz 1 1 1))
      (rotate (xyz 0 0 0))
    )
  )

  (module Capacitor_SMD:C_0805_2012Metric (layer F.Cu) (tedit 5B36C52B) (tstamp 5CC049FD)
    (at 108.605001 96.455001)
    (descr "Capacitor SMD 0805 (2012 Metric), square (rectangular) end terminal, IPC_7351 nominal, (Body size source: https://docs.google.com/spreadsheets/d/1BsfQQcO9C6DZCsRaXUlFlo91Tg2WpOkGARC1WS5S8t0/edit?usp=sharing), generated with kicad-footprint-generator")
    (tags capacitor)
    (path /5CCE8030)
    (attr smd)
    (fp_text reference C10 (at 0 -1.65) (layer F.SilkS)
      (effects (font (size 1 1) (thickness 0.15)))
    )
    (fp_text value 10uf/10v (at 0 1.65) (layer F.Fab)
      (effects (font (size 1 1) (thickness 0.15)))
    )
    (fp_line (start -1 0.6) (end -1 -0.6) (layer F.Fab) (width 0.1))
    (fp_line (start -1 -0.6) (end 1 -0.6) (layer F.Fab) (width 0.1))
    (fp_line (start 1 -0.6) (end 1 0.6) (layer F.Fab) (width 0.1))
    (fp_line (start 1 0.6) (end -1 0.6) (layer F.Fab) (width 0.1))
    (fp_line (start -0.258578 -0.71) (end 0.258578 -0.71) (layer F.SilkS) (width 0.12))
    (fp_line (start -0.258578 0.71) (end 0.258578 0.71) (layer F.SilkS) (width 0.12))
    (fp_line (start -1.68 0.95) (end -1.68 -0.95) (layer F.CrtYd) (width 0.05))
    (fp_line (start -1.68 -0.95) (end 1.68 -0.95) (layer F.CrtYd) (width 0.05))
    (fp_line (start 1.68 -0.95) (end 1.68 0.95) (layer F.CrtYd) (width 0.05))
    (fp_line (start 1.68 0.95) (end -1.68 0.95) (layer F.CrtYd) (width 0.05))
    (fp_text user %R (at 0 0) (layer F.Fab)
      (effects (font (size 0.5 0.5) (thickness 0.08)))
    )
    (pad 1 smd roundrect (at -0.9375 0) (size 0.975 1.4) (layers F.Cu F.Paste F.Mask) (roundrect_rratio 0.25)
      (net 2 VBUS))
    (pad 2 smd roundrect (at 0.9375 0) (size 0.975 1.4) (layers F.Cu F.Paste F.Mask) (roundrect_rratio 0.25)
      (net 36 USB3_RX0N))
    (model ${KISYS3DMOD}/Capacitor_SMD.3dshapes/C_0805_2012Metric.wrl
      (at (xyz 0 0 0))
      (scale (xyz 1 1 1))
      (rotate (xyz 0 0 0))
    )
  )

  (module Inductor_SMD:L_6.3x6.3_H3 (layer F.Cu) (tedit 5990349C) (tstamp 5CC04A16)
    (at 107.025001 91.055001)
    (descr "Choke, SMD, 6.3x6.3mm 3mm height")
    (tags "Choke SMD")
    (path /5CBD08F2)
    (attr smd)
    (fp_text reference L1 (at 0 -4.45) (layer F.SilkS)
      (effects (font (size 1 1) (thickness 0.15)))
    )
    (fp_text value "1 uH/3.1A" (at 0 4.45) (layer F.Fab)
      (effects (font (size 1 1) (thickness 0.15)))
    )
    (fp_text user %R (at 0 0) (layer F.Fab)
      (effects (font (size 1 1) (thickness 0.15)))
    )
    (fp_line (start 3.3 1.5) (end 3.3 3.2) (layer F.SilkS) (width 0.12))
    (fp_line (start 3.3 3.2) (end -3.3 3.2) (layer F.SilkS) (width 0.12))
    (fp_line (start -3.3 3.2) (end -3.3 1.5) (layer F.SilkS) (width 0.12))
    (fp_line (start -3.3 -1.5) (end -3.3 -3.2) (layer F.SilkS) (width 0.12))
    (fp_line (start -3.3 -3.2) (end 3.3 -3.2) (layer F.SilkS) (width 0.12))
    (fp_line (start 3.3 -3.2) (end 3.3 -1.5) (layer F.SilkS) (width 0.12))
    (fp_line (start -3.75 -3.4) (end -3.75 3.4) (layer F.CrtYd) (width 0.05))
    (fp_line (start -3.75 3.4) (end 3.75 3.4) (layer F.CrtYd) (width 0.05))
    (fp_line (start 3.75 3.4) (end 3.75 -3.4) (layer F.CrtYd) (width 0.05))
    (fp_line (start 3.75 -3.4) (end -3.75 -3.4) (layer F.CrtYd) (width 0.05))
    (fp_line (start 3.15 3.15) (end 3.15 1.5) (layer F.Fab) (width 0.1))
    (fp_line (start 3.15 -3.15) (end 3.15 -1.5) (layer F.Fab) (width 0.1))
    (fp_line (start -3.15 3.15) (end -3.15 1.5) (layer F.Fab) (width 0.1))
    (fp_line (start -3.15 -3.15) (end -3.15 -1.5) (layer F.Fab) (width 0.1))
    (fp_line (start -3.15 -3.15) (end 3.15 -3.15) (layer F.Fab) (width 0.1))
    (fp_line (start -3.15 3.15) (end 3.15 3.15) (layer F.Fab) (width 0.1))
    (fp_arc (start 0 0) (end -1.91 -1.91) (angle 90) (layer F.Fab) (width 0.1))
    (fp_arc (start 0 0) (end 1.91 1.91) (angle 90) (layer F.Fab) (width 0.1))
    (pad 1 smd rect (at -2.75 0) (size 1.5 2.4) (layers F.Cu F.Paste F.Mask)
      (net 6 "Net-(L1-Pad1)"))
    (pad 2 smd rect (at 2.75 0) (size 1.5 2.4) (layers F.Cu F.Paste F.Mask)
      (net 4 "VOUT(3.3V)"))
    (model ${KISYS3DMOD}/Inductor_SMD.3dshapes/L_6.3x6.3_H3.wrl
      (at (xyz 0 0 0))
      (scale (xyz 1 1 1))
      (rotate (xyz 0 0 0))
    )
  )

  (module Resistor_SMD:R_0805_2012Metric (layer F.Cu) (tedit 5B36C52B) (tstamp 5CC04A27)
    (at 113.015001 96.455001)
    (descr "Resistor SMD 0805 (2012 Metric), square (rectangular) end terminal, IPC_7351 nominal, (Body size source: https://docs.google.com/spreadsheets/d/1BsfQQcO9C6DZCsRaXUlFlo91Tg2WpOkGARC1WS5S8t0/edit?usp=sharing), generated with kicad-footprint-generator")
    (tags resistor)
    (path /5CBE2F5E)
    (attr smd)
    (fp_text reference R1 (at 0 -1.65) (layer F.SilkS)
      (effects (font (size 1 1) (thickness 0.15)))
    )
    (fp_text value "105 K" (at 0 1.65) (layer F.Fab)
      (effects (font (size 1 1) (thickness 0.15)))
    )
    (fp_line (start -1 0.6) (end -1 -0.6) (layer F.Fab) (width 0.1))
    (fp_line (start -1 -0.6) (end 1 -0.6) (layer F.Fab) (width 0.1))
    (fp_line (start 1 -0.6) (end 1 0.6) (layer F.Fab) (width 0.1))
    (fp_line (start 1 0.6) (end -1 0.6) (layer F.Fab) (width 0.1))
    (fp_line (start -0.258578 -0.71) (end 0.258578 -0.71) (layer F.SilkS) (width 0.12))
    (fp_line (start -0.258578 0.71) (end 0.258578 0.71) (layer F.SilkS) (width 0.12))
    (fp_line (start -1.68 0.95) (end -1.68 -0.95) (layer F.CrtYd) (width 0.05))
    (fp_line (start -1.68 -0.95) (end 1.68 -0.95) (layer F.CrtYd) (width 0.05))
    (fp_line (start 1.68 -0.95) (end 1.68 0.95) (layer F.CrtYd) (width 0.05))
    (fp_line (start 1.68 0.95) (end -1.68 0.95) (layer F.CrtYd) (width 0.05))
    (fp_text user %R (at 0 0) (layer F.Fab)
      (effects (font (size 0.5 0.5) (thickness 0.08)))
    )
    (pad 1 smd roundrect (at -0.9375 0) (size 0.975 1.4) (layers F.Cu F.Paste F.Mask) (roundrect_rratio 0.25)
      (net 1 "VOUT(1.1V)"))
    (pad 2 smd roundrect (at 0.9375 0) (size 0.975 1.4) (layers F.Cu F.Paste F.Mask) (roundrect_rratio 0.25)
      (net 7 "Net-(R1-Pad2)"))
    (model ${KISYS3DMOD}/Resistor_SMD.3dshapes/R_0805_2012Metric.wrl
      (at (xyz 0 0 0))
      (scale (xyz 1 1 1))
      (rotate (xyz 0 0 0))
    )
  )

  (module Resistor_SMD:R_0805_2012Metric (layer F.Cu) (tedit 5B36C52B) (tstamp 5CC04A38)
    (at 117.915001 91.555001)
    (descr "Resistor SMD 0805 (2012 Metric), square (rectangular) end terminal, IPC_7351 nominal, (Body size source: https://docs.google.com/spreadsheets/d/1BsfQQcO9C6DZCsRaXUlFlo91Tg2WpOkGARC1WS5S8t0/edit?usp=sharing), generated with kicad-footprint-generator")
    (tags resistor)
    (path /5CBD115C)
    (attr smd)
    (fp_text reference R2 (at 0 -1.65) (layer F.SilkS)
      (effects (font (size 1 1) (thickness 0.15)))
    )
    (fp_text value 178K (at 0 1.65) (layer F.Fab)
      (effects (font (size 1 1) (thickness 0.15)))
    )
    (fp_line (start -1 0.6) (end -1 -0.6) (layer F.Fab) (width 0.1))
    (fp_line (start -1 -0.6) (end 1 -0.6) (layer F.Fab) (width 0.1))
    (fp_line (start 1 -0.6) (end 1 0.6) (layer F.Fab) (width 0.1))
    (fp_line (start 1 0.6) (end -1 0.6) (layer F.Fab) (width 0.1))
    (fp_line (start -0.258578 -0.71) (end 0.258578 -0.71) (layer F.SilkS) (width 0.12))
    (fp_line (start -0.258578 0.71) (end 0.258578 0.71) (layer F.SilkS) (width 0.12))
    (fp_line (start -1.68 0.95) (end -1.68 -0.95) (layer F.CrtYd) (width 0.05))
    (fp_line (start -1.68 -0.95) (end 1.68 -0.95) (layer F.CrtYd) (width 0.05))
    (fp_line (start 1.68 -0.95) (end 1.68 0.95) (layer F.CrtYd) (width 0.05))
    (fp_line (start 1.68 0.95) (end -1.68 0.95) (layer F.CrtYd) (width 0.05))
    (fp_text user %R (at 0 0) (layer F.Fab)
      (effects (font (size 0.5 0.5) (thickness 0.08)))
    )
    (pad 1 smd roundrect (at -0.9375 0) (size 0.975 1.4) (layers F.Cu F.Paste F.Mask) (roundrect_rratio 0.25)
      (net 8 "Net-(R2-Pad1)"))
    (pad 2 smd roundrect (at 0.9375 0) (size 0.975 1.4) (layers F.Cu F.Paste F.Mask) (roundrect_rratio 0.25)
      (net 4 "VOUT(3.3V)"))
    (model ${KISYS3DMOD}/Resistor_SMD.3dshapes/R_0805_2012Metric.wrl
      (at (xyz 0 0 0))
      (scale (xyz 1 1 1))
      (rotate (xyz 0 0 0))
    )
  )

  (module Resistor_SMD:R_0805_2012Metric (layer F.Cu) (tedit 5B36C52B) (tstamp 5CC04A49)
    (at 99.765001 101.805001)
    (descr "Resistor SMD 0805 (2012 Metric), square (rectangular) end terminal, IPC_7351 nominal, (Body size source: https://docs.google.com/spreadsheets/d/1BsfQQcO9C6DZCsRaXUlFlo91Tg2WpOkGARC1WS5S8t0/edit?usp=sharing), generated with kicad-footprint-generator")
    (tags resistor)
    (path /5CBE1E62)
    (attr smd)
    (fp_text reference R3 (at 0 -1.65) (layer F.SilkS)
      (effects (font (size 1 1) (thickness 0.15)))
    )
    (fp_text value "5 K" (at 0 1.65) (layer F.Fab)
      (effects (font (size 1 1) (thickness 0.15)))
    )
    (fp_line (start -1 0.6) (end -1 -0.6) (layer F.Fab) (width 0.1))
    (fp_line (start -1 -0.6) (end 1 -0.6) (layer F.Fab) (width 0.1))
    (fp_line (start 1 -0.6) (end 1 0.6) (layer F.Fab) (width 0.1))
    (fp_line (start 1 0.6) (end -1 0.6) (layer F.Fab) (width 0.1))
    (fp_line (start -0.258578 -0.71) (end 0.258578 -0.71) (layer F.SilkS) (width 0.12))
    (fp_line (start -0.258578 0.71) (end 0.258578 0.71) (layer F.SilkS) (width 0.12))
    (fp_line (start -1.68 0.95) (end -1.68 -0.95) (layer F.CrtYd) (width 0.05))
    (fp_line (start -1.68 -0.95) (end 1.68 -0.95) (layer F.CrtYd) (width 0.05))
    (fp_line (start 1.68 -0.95) (end 1.68 0.95) (layer F.CrtYd) (width 0.05))
    (fp_line (start 1.68 0.95) (end -1.68 0.95) (layer F.CrtYd) (width 0.05))
    (fp_text user %R (at 0 0) (layer F.Fab)
      (effects (font (size 0.5 0.5) (thickness 0.08)))
    )
    (pad 1 smd roundrect (at -0.9375 0) (size 0.975 1.4) (layers F.Cu F.Paste F.Mask) (roundrect_rratio 0.25)
      (net 36 USB3_RX0N))
    (pad 2 smd roundrect (at 0.9375 0) (size 0.975 1.4) (layers F.Cu F.Paste F.Mask) (roundrect_rratio 0.25)
      (net 9 "Net-(R3-Pad2)"))
    (model ${KISYS3DMOD}/Resistor_SMD.3dshapes/R_0805_2012Metric.wrl
      (at (xyz 0 0 0))
      (scale (xyz 1 1 1))
      (rotate (xyz 0 0 0))
    )
  )

  (module Resistor_SMD:R_0805_2012Metric (layer F.Cu) (tedit 5B36C52B) (tstamp 5CC04A5A)
    (at 122.325001 88.605001)
    (descr "Resistor SMD 0805 (2012 Metric), square (rectangular) end terminal, IPC_7351 nominal, (Body size source: https://docs.google.com/spreadsheets/d/1BsfQQcO9C6DZCsRaXUlFlo91Tg2WpOkGARC1WS5S8t0/edit?usp=sharing), generated with kicad-footprint-generator")
    (tags resistor)
    (path /5CBE2614)
    (attr smd)
    (fp_text reference R4 (at 0 -1.65) (layer F.SilkS)
      (effects (font (size 1 1) (thickness 0.15)))
    )
    (fp_text value 1.9K (at 0 1.65) (layer F.Fab)
      (effects (font (size 1 1) (thickness 0.15)))
    )
    (fp_text user %R (at 0 0) (layer F.Fab)
      (effects (font (size 0.5 0.5) (thickness 0.08)))
    )
    (fp_line (start 1.68 0.95) (end -1.68 0.95) (layer F.CrtYd) (width 0.05))
    (fp_line (start 1.68 -0.95) (end 1.68 0.95) (layer F.CrtYd) (width 0.05))
    (fp_line (start -1.68 -0.95) (end 1.68 -0.95) (layer F.CrtYd) (width 0.05))
    (fp_line (start -1.68 0.95) (end -1.68 -0.95) (layer F.CrtYd) (width 0.05))
    (fp_line (start -0.258578 0.71) (end 0.258578 0.71) (layer F.SilkS) (width 0.12))
    (fp_line (start -0.258578 -0.71) (end 0.258578 -0.71) (layer F.SilkS) (width 0.12))
    (fp_line (start 1 0.6) (end -1 0.6) (layer F.Fab) (width 0.1))
    (fp_line (start 1 -0.6) (end 1 0.6) (layer F.Fab) (width 0.1))
    (fp_line (start -1 -0.6) (end 1 -0.6) (layer F.Fab) (width 0.1))
    (fp_line (start -1 0.6) (end -1 -0.6) (layer F.Fab) (width 0.1))
    (pad 2 smd roundrect (at 0.9375 0) (size 0.975 1.4) (layers F.Cu F.Paste F.Mask) (roundrect_rratio 0.25)
      (net 9 "Net-(R3-Pad2)"))
    (pad 1 smd roundrect (at -0.9375 0) (size 0.975 1.4) (layers F.Cu F.Paste F.Mask) (roundrect_rratio 0.25)
      (net 1 "VOUT(1.1V)"))
    (model ${KISYS3DMOD}/Resistor_SMD.3dshapes/R_0805_2012Metric.wrl
      (at (xyz 0 0 0))
      (scale (xyz 1 1 1))
      (rotate (xyz 0 0 0))
    )
  )

  (module Resistor_SMD:R_0805_2012Metric (layer F.Cu) (tedit 5B36C52B) (tstamp 5CC04A6B)
    (at 109.365001 102.355001)
    (descr "Resistor SMD 0805 (2012 Metric), square (rectangular) end terminal, IPC_7351 nominal, (Body size source: https://docs.google.com/spreadsheets/d/1BsfQQcO9C6DZCsRaXUlFlo91Tg2WpOkGARC1WS5S8t0/edit?usp=sharing), generated with kicad-footprint-generator")
    (tags resistor)
    (path /5CC47B47)
    (attr smd)
    (fp_text reference R5 (at 0 -1.65) (layer F.SilkS)
      (effects (font (size 1 1) (thickness 0.15)))
    )
    (fp_text value 1.6K (at 0 1.65) (layer F.Fab)
      (effects (font (size 1 1) (thickness 0.15)))
    )
    (fp_text user %R (at 0 0) (layer F.Fab)
      (effects (font (size 0.5 0.5) (thickness 0.08)))
    )
    (fp_line (start 1.68 0.95) (end -1.68 0.95) (layer F.CrtYd) (width 0.05))
    (fp_line (start 1.68 -0.95) (end 1.68 0.95) (layer F.CrtYd) (width 0.05))
    (fp_line (start -1.68 -0.95) (end 1.68 -0.95) (layer F.CrtYd) (width 0.05))
    (fp_line (start -1.68 0.95) (end -1.68 -0.95) (layer F.CrtYd) (width 0.05))
    (fp_line (start -0.258578 0.71) (end 0.258578 0.71) (layer F.SilkS) (width 0.12))
    (fp_line (start -0.258578 -0.71) (end 0.258578 -0.71) (layer F.SilkS) (width 0.12))
    (fp_line (start 1 0.6) (end -1 0.6) (layer F.Fab) (width 0.1))
    (fp_line (start 1 -0.6) (end 1 0.6) (layer F.Fab) (width 0.1))
    (fp_line (start -1 -0.6) (end 1 -0.6) (layer F.Fab) (width 0.1))
    (fp_line (start -1 0.6) (end -1 -0.6) (layer F.Fab) (width 0.1))
    (pad 2 smd roundrect (at 0.9375 0) (size 0.975 1.4) (layers F.Cu F.Paste F.Mask) (roundrect_rratio 0.25)
      (net 36 USB3_RX0N))
    (pad 1 smd roundrect (at -0.9375 0) (size 0.975 1.4) (layers F.Cu F.Paste F.Mask) (roundrect_rratio 0.25)
      (net 27 "Net-(R5-Pad1)"))
    (model ${KISYS3DMOD}/Resistor_SMD.3dshapes/R_0805_2012Metric.wrl
      (at (xyz 0 0 0))
      (scale (xyz 1 1 1))
      (rotate (xyz 0 0 0))
    )
  )

  (module Resistor_SMD:R_0805_2012Metric (layer F.Cu) (tedit 5B36C52B) (tstamp 5CC04A7C)
    (at 117.425001 94.505001)
    (descr "Resistor SMD 0805 (2012 Metric), square (rectangular) end terminal, IPC_7351 nominal, (Body size source: https://docs.google.com/spreadsheets/d/1BsfQQcO9C6DZCsRaXUlFlo91Tg2WpOkGARC1WS5S8t0/edit?usp=sharing), generated with kicad-footprint-generator")
    (tags resistor)
    (path /5CC45BEF)
    (attr smd)
    (fp_text reference R6 (at 0 -1.65) (layer F.SilkS)
      (effects (font (size 1 1) (thickness 0.15)))
    )
    (fp_text value 43K (at 0 1.65) (layer F.Fab)
      (effects (font (size 1 1) (thickness 0.15)))
    )
    (fp_text user %R (at 0 0) (layer F.Fab)
